1 0.012500 0.007083 0.043021 0.931250 0.001146 0.000000 0.000000 0.000000 0.003646 0.000000 0.000000 0.000000 0.001354 0.000000 0.000000 0.000000 
40 0.000417 0.019063 0.538437 0.439271 0.000208 0.000312 0.000729 0.000000 0.000104 0.000208 0.000000 0.000000 0.000104 0.000521 0.000417 0.000208 
99 0.381146 0.236042 0.137396 0.029375 0.036562 0.000000 0.000000 0.000000 0.003125 0.000000 0.000000 0.000000 0.145938 0.029479 0.000937 0.000000 
313 0.001563 0.000521 0.000208 0.000000 0.011042 0.040937 0.003854 0.000312 0.015521 0.247708 0.585417 0.092917 0.000000 0.000000 0.000000 0.000000 
429 0.628750 0.155729 0.024792 0.012812 0.076458 0.033229 0.003333 0.004062 0.023125 0.020938 0.008229 0.006250 0.002292 0.000000 0.000000 0.000000 
581 0.003229 0.003021 0.000417 0.004896 0.000208 0.000000 0.000000 0.000000 0.072396 0.308021 0.456250 0.136667 0.009375 0.001667 0.001458 0.002396 
809 0.004792 0.011979 0.020312 0.016667 0.031458 0.164792 0.351354 0.283958 0.009062 0.022187 0.027292 0.015521 0.002188 0.006875 0.013438 0.018125 
1020 0.000000 0.000312 0.780208 0.219479 0.000000 0.000000 0.000000 0.000000 0.000000 0.000000 0.000000 0.000000 0.000000 0.000000 0.000000 0.000000 
1240 0.030208 0.097917 0.068646 0.023021 0.038646 0.134062 0.139583 0.055208 0.013542 0.006146 0.000521 0.000000 0.023958 0.084375 0.176667 0.107500 
1253 0.027292 0.046771 0.038333 0.023021 0.007708 0.049583 0.164375 0.185104 0.005417 0.004792 0.001771 0.002604 0.113958 0.287187 0.038021 0.004062 
1440 0.086771 0.428854 0.112812 0.025625 0.006146 0.000208 0.000000 0.000417 0.019375 0.040208 0.009167 0.002917 0.124063 0.141563 0.000625 0.001250 
1490 0.091250 0.060833 0.065625 0.220417 0.106146 0.043646 0.016458 0.009792 0.042083 0.110208 0.175000 0.037708 0.007812 0.005625 0.005000 0.002396 
1658 0.065833 0.238542 0.230104 0.021979 0.006250 0.156979 0.166979 0.021667 0.015729 0.009583 0.000625 0.000208 0.031562 0.016354 0.010833 0.006771 
1743 0.068854 0.203646 0.261146 0.094479 0.019271 0.016354 0.012500 0.008125 0.304583 0.000208 0.000521 0.000312 0.005937 0.003021 0.000937 0.000104 
1804 0.092917 0.234792 0.090208 0.016875 0.061563 0.017083 0.000625 0.000833 0.101667 0.137083 0.187708 0.051042 0.007604 0.000000 0.000000 0.000000 
1930 0.016354 0.047500 0.021042 0.003958 0.079583 0.454792 0.156042 0.022500 0.001875 0.039167 0.009271 0.005625 0.003437 0.016667 0.031562 0.090625 
2074 0.058229 0.329896 0.237708 0.191875 0.014271 0.001250 0.001563 0.001146 0.010937 0.052708 0.043229 0.000729 0.003437 0.009479 0.022187 0.021354 
2264 0.515000 0.133021 0.021146 0.006875 0.040104 0.022292 0.002917 0.001771 0.070521 0.000729 0.000104 0.000208 0.182812 0.000937 0.001042 0.000521 
2448 0.179271 0.325625 0.198229 0.063333 0.016250 0.000000 0.000000 0.000000 0.177083 0.005000 0.001563 0.000833 0.023438 0.005521 0.002188 0.001667 
2686 0.195417 0.073437 0.013438 0.001250 0.185417 0.144167 0.068854 0.019896 0.207917 0.014167 0.000104 0.000104 0.069583 0.005104 0.000937 0.000208 
2753 0.272500 0.294792 0.085938 0.011667 0.005729 0.027188 0.124063 0.015000 0.107500 0.001979 0.000417 0.000521 0.050313 0.002188 0.000104 0.000104 
3020 0.113958 0.250937 0.376771 0.035417 0.008854 0.000417 0.000000 0.000000 0.037188 0.085000 0.034896 0.000104 0.042292 0.013750 0.000417 0.000000 
3199 0.545521 0.213854 0.041563 0.005521 0.085938 0.027812 0.005313 0.005729 0.010104 0.005625 0.000521 0.000000 0.022604 0.027604 0.002292 0.000000 
3295 0.574375 0.113750 0.002708 0.000937 0.016250 0.000000 0.000000 0.000000 0.013438 0.237292 0.040625 0.000000 0.000625 0.000000 0.000000 0.000000 
3407 0.019792 0.030729 0.022187 0.014792 0.019687 0.042396 0.013333 0.007396 0.263958 0.363229 0.167083 0.010000 0.023646 0.001458 0.000208 0.000104 
3675 0.019167 0.166354 0.217187 0.104062 0.009062 0.036458 0.056354 0.134167 0.004167 0.007500 0.060833 0.175208 0.005937 0.000625 0.000625 0.002292 
3730 0.117396 0.035312 0.015729 0.004688 0.033021 0.000104 0.000000 0.000000 0.380313 0.231562 0.100313 0.014792 0.064375 0.001771 0.000208 0.000417 
3962 0.000000 0.000000 0.000000 0.000000 0.006042 0.055104 0.120521 0.135729 0.026458 0.080000 0.075208 0.500938 0.000000 0.000000 0.000000 0.000000 
4208 0.037604 0.081354 0.097708 0.062812 0.005521 0.002188 0.001042 0.001042 0.021042 0.128438 0.338854 0.103542 0.021146 0.045521 0.031979 0.020208 
4291 0.331979 0.073542 0.093958 0.095000 0.002917 0.002813 0.013333 0.008750 0.000625 0.012187 0.027292 0.037917 0.004583 0.076042 0.110729 0.108333 
4528 0.435104 0.286146 0.091875 0.041667 0.017188 0.000937 0.000104 0.000417 0.017708 0.013021 0.031146 0.029896 0.022396 0.005313 0.002083 0.005000 
4753 0.089375 0.087396 0.135729 0.459792 0.005937 0.008438 0.008229 0.071146 0.002396 0.014583 0.016250 0.058333 0.001354 0.005000 0.011771 0.024271 
4759 0.086875 0.138437 0.155521 0.256250 0.003229 0.002500 0.002292 0.010208 0.009583 0.067500 0.009167 0.091563 0.045938 0.043229 0.036354 0.041354 
4954 0.188646 0.118854 0.032604 0.007708 0.002396 0.000312 0.000312 0.000104 0.199375 0.243437 0.132708 0.025000 0.043125 0.005417 0.000000 0.000000 
5157 0.137708 0.032917 0.035521 0.058854 0.056979 0.011563 0.001875 0.004896 0.217604 0.149687 0.013958 0.014896 0.225000 0.017083 0.011563 0.009896 
5409 0.019167 0.197292 0.358542 0.180729 0.016562 0.030417 0.011250 0.013125 0.000208 0.000208 0.001875 0.007188 0.001875 0.017500 0.075417 0.068646 
5577 0.017396 0.136875 0.754062 0.067083 0.000000 0.000208 0.000104 0.020625 0.000000 0.000104 0.000312 0.003229 0.000000 0.000000 0.000000 0.000000 
5732 0.047083 0.307604 0.131146 0.070208 0.071875 0.045625 0.014583 0.029792 0.021250 0.237604 0.013229 0.010000 0.000000 0.000000 0.000000 0.000000 
5986 0.273333 0.204063 0.073229 0.067708 0.041458 0.011979 0.001250 0.014583 0.000729 0.000625 0.000104 0.001042 0.023646 0.100625 0.159583 0.026042 
6248 0.174688 0.286875 0.329792 0.176563 0.000729 0.000833 0.001042 0.005313 0.011146 0.000417 0.001875 0.009271 0.001250 0.000000 0.000000 0.000208 
6345 0.411458 0.233229 0.079062 0.031354 0.022396 0.002500 0.001875 0.012187 0.156146 0.003021 0.003021 0.007292 0.032083 0.001146 0.002083 0.001146 
6474 0.067396 0.046250 0.034792 0.037917 0.222188 0.140833 0.019063 0.021458 0.074792 0.186875 0.027292 0.024167 0.010208 0.031354 0.053229 0.002188 
6663 0.168125 0.478333 0.251667 0.065521 0.017604 0.001875 0.000521 0.004688 0.002708 0.001146 0.001250 0.003854 0.001042 0.000312 0.000729 0.000625 
6949 0.035729 0.147708 0.475833 0.220417 0.003125 0.040833 0.027188 0.031979 0.000000 0.001875 0.002813 0.012292 0.000000 0.000104 0.000104 0.000000 
7193 0.198854 0.110521 0.073958 0.032708 0.068750 0.002500 0.000521 0.000000 0.027812 0.023229 0.039792 0.176146 0.079896 0.106979 0.046146 0.012187 
7261 0.127292 0.125104 0.021250 0.002292 0.291042 0.240313 0.031667 0.006250 0.138854 0.007812 0.000625 0.001563 0.005313 0.000417 0.000208 0.000000 
7468 0.236667 0.347604 0.248229 0.044896 0.038021 0.040000 0.014167 0.005625 0.022292 0.000312 0.000000 0.000000 0.002188 0.000000 0.000000 0.000000 
7634 0.118333 0.326042 0.248854 0.074792 0.066563 0.011667 0.002083 0.011667 0.000312 0.000104 0.000104 0.000312 0.004167 0.051354 0.065625 0.018021 
7838 0.026354 0.178958 0.169062 0.101354 0.041250 0.241250 0.145313 0.087187 0.002917 0.004167 0.000417 0.000625 0.000417 0.000625 0.000104 0.000000 
7901 0.547083 0.292812 0.054792 0.038229 0.044583 0.000000 0.000000 0.006875 0.014479 0.000521 0.000417 0.000208 0.000000 0.000000 0.000000 0.000000 
8136 0.158750 0.290625 0.195417 0.154271 0.051042 0.076458 0.023438 0.025313 0.018750 0.003542 0.001250 0.000833 0.000000 0.000104 0.000104 0.000104 
8290 0.147396 0.295521 0.113438 0.140729 0.004375 0.022292 0.009375 0.018333 0.118333 0.060417 0.011354 0.017917 0.013646 0.014792 0.008125 0.003958 
8311 0.048333 0.166667 0.253021 0.319896 0.010625 0.008646 0.001250 0.008542 0.040729 0.073542 0.022396 0.027708 0.012187 0.002292 0.001563 0.002604 
8556 0.064271 0.318854 0.259271 0.166042 0.031458 0.077188 0.005833 0.018229 0.001250 0.036771 0.009792 0.009688 0.000000 0.000521 0.000208 0.000625 
8760 0.111875 0.082083 0.008542 0.003542 0.076042 0.580000 0.088229 0.045313 0.000000 0.000000 0.000000 0.000104 0.002500 0.001771 0.000000 0.000000 
8923 0.002292 0.000312 0.000625 0.002396 0.096458 0.552188 0.234583 0.090417 0.008542 0.009167 0.000208 0.001250 0.000729 0.000417 0.000208 0.000208 
9042 0.108750 0.310729 0.252917 0.092604 0.087083 0.102500 0.015208 0.027500 0.000208 0.000208 0.000417 0.001667 0.000000 0.000208 0.000000 0.000000 
9265 0.277917 0.233854 0.071667 0.039062 0.075208 0.245625 0.022813 0.032187 0.000000 0.000000 0.000000 0.000312 0.000208 0.000000 0.001146 0.000000 
9393 0.011354 0.156042 0.425938 0.386667 0.000000 0.000833 0.000937 0.004688 0.000000 0.000521 0.001667 0.007917 0.000312 0.000833 0.000208 0.002083 
9651 0.151771 0.000000 0.000208 0.004479 0.252604 0.010104 0.001250 0.021875 0.360729 0.127708 0.001146 0.014896 0.051667 0.001458 0.000104 0.000000 
9797 0.026042 0.000833 0.001042 0.000208 0.033229 0.001042 0.000937 0.007396 0.614167 0.214583 0.004062 0.032604 0.023125 0.014062 0.018333 0.008333 
9877 0.041563 0.248021 0.326146 0.176563 0.077500 0.066667 0.002813 0.018646 0.012812 0.007292 0.001563 0.006250 0.005104 0.005625 0.001875 0.001563 
10161 0.103125 0.206667 0.150833 0.113646 0.071875 0.051146 0.029792 0.030729 0.044687 0.051875 0.036875 0.051562 0.017917 0.017396 0.012500 0.009375 
10313 0.238021 0.216667 0.029479 0.026146 0.022292 0.068750 0.019583 0.021562 0.001563 0.155521 0.177500 0.022500 0.000000 0.000208 0.000208 0.000000 
10608 0.463750 0.437292 0.004062 0.022813 0.035312 0.001146 0.001042 0.011771 0.007292 0.000521 0.000625 0.002188 0.011458 0.000417 0.000104 0.000208 
10679 0.184271 0.209479 0.049167 0.010833 0.120521 0.314792 0.044375 0.025625 0.006875 0.015625 0.010937 0.005729 0.000208 0.000729 0.000104 0.000729 
10839 0.424688 0.024583 0.009375 0.017292 0.452708 0.007917 0.001146 0.021875 0.038750 0.000208 0.000000 0.000833 0.000521 0.000000 0.000000 0.000104 
10888 0.041667 0.323542 0.154271 0.017917 0.045521 0.005521 0.000729 0.021667 0.040521 0.331354 0.000625 0.016667 0.000000 0.000000 0.000000 0.000000 
11146 0.392188 0.284687 0.002917 0.024896 0.203646 0.005000 0.001250 0.015833 0.051771 0.007917 0.000208 0.001875 0.007604 0.000208 0.000000 0.000000 
11176 0.243542 0.028750 0.001250 0.005000 0.166771 0.001354 0.001771 0.021042 0.508542 0.000312 0.000729 0.018437 0.002500 0.000000 0.000000 0.000000 
11283 0.336354 0.586042 0.024167 0.026563 0.007188 0.001250 0.000729 0.015104 0.000000 0.000521 0.000521 0.001146 0.000000 0.000208 0.000104 0.000104 
11390 0.245417 0.509896 0.002292 0.024583 0.132083 0.019792 0.000625 0.007292 0.038229 0.008542 0.001250 0.008854 0.000208 0.000104 0.000521 0.000312 
11581 0.064375 0.000417 0.000417 0.009896 0.205729 0.169479 0.009479 0.015417 0.003437 0.147396 0.358125 0.015208 0.000000 0.000312 0.000000 0.000312 
11620 0.163750 0.030417 0.005729 0.008333 0.472500 0.065729 0.010000 0.030417 0.055417 0.118646 0.027917 0.009271 0.000000 0.000000 0.000104 0.001771 
11837 0.015833 0.128438 0.140417 0.025417 0.179167 0.070312 0.013542 0.030313 0.151042 0.225729 0.002708 0.017083 0.000000 0.000000 0.000000 0.000000 
12052 0.296146 0.020312 0.012187 0.010417 0.125104 0.076563 0.048333 0.040937 0.164271 0.098229 0.032917 0.033021 0.032917 0.004583 0.001771 0.002292 
12215 0.313333 0.208021 0.084271 0.036250 0.076771 0.004271 0.000521 0.006042 0.192396 0.053229 0.000833 0.023854 0.000208 0.000000 0.000000 0.000000 
12232 0.395104 0.526563 0.028854 0.025729 0.002917 0.001458 0.000104 0.010937 0.000417 0.001458 0.001667 0.004792 0.000000 0.000000 0.000000 0.000000 
12258 0.051562 0.064896 0.019896 0.021667 0.075000 0.071562 0.012396 0.010104 0.015833 0.427604 0.194167 0.031250 0.002083 0.001146 0.000312 0.000521 
12440 0.094896 0.381042 0.108750 0.023438 0.111771 0.241458 0.009479 0.023333 0.000833 0.000312 0.000312 0.003750 0.000312 0.000000 0.000104 0.000208 
12675 0.212292 0.091979 0.002813 0.007812 0.195729 0.198958 0.004688 0.028333 0.007708 0.213333 0.028958 0.007188 0.000000 0.000000 0.000000 0.000208 
12819 0.462500 0.060417 0.032292 0.025417 0.227396 0.095625 0.050000 0.043854 0.000625 0.000833 0.000104 0.000937 0.000000 0.000000 0.000000 0.000000 
13042 0.220208 0.596875 0.006146 0.033021 0.101875 0.031354 0.000937 0.008646 0.000000 0.000000 0.000000 0.000000 0.000000 0.000417 0.000312 0.000208 
13176 0.013646 0.181354 0.194792 0.085417 0.052813 0.337396 0.088229 0.035417 0.000833 0.001771 0.000833 0.006562 0.000000 0.000000 0.000104 0.000833 
13213 0.048333 0.154583 0.158542 0.015937 0.090521 0.312604 0.077708 0.040729 0.007708 0.019063 0.006250 0.003750 0.004583 0.013750 0.040104 0.005833 
13374 0.020521 0.646875 0.265104 0.046042 0.000521 0.000312 0.000729 0.018333 0.000000 0.000104 0.000104 0.001146 0.000000 0.000000 0.000104 0.000104 
13454 0.004167 0.226354 0.410729 0.092292 0.000521 0.037604 0.143750 0.083542 0.000000 0.000000 0.000000 0.000417 0.000000 0.000104 0.000104 0.000417 
13726 0.372500 0.457604 0.070729 0.075417 0.007188 0.004479 0.000312 0.009688 0.000104 0.000312 0.000312 0.001146 0.000000 0.000000 0.000104 0.000104 
13728 0.002292 0.068958 0.710104 0.205208 0.000000 0.000000 0.000208 0.008958 0.000000 0.000000 0.000000 0.004167 0.000000 0.000104 0.000000 0.000000 
13765 0.088437 0.051562 0.009271 0.009062 0.108750 0.476667 0.142604 0.053125 0.004583 0.001667 0.000937 0.003021 0.021250 0.026458 0.001250 0.001354 
13927 0.590312 0.079375 0.031771 0.013958 0.192813 0.072396 0.009479 0.009896 0.000000 0.000000 0.000000 0.000000 0.000000 0.000000 0.000000 0.000000 
14188 0.021354 0.432187 0.217396 0.093229 0.026458 0.155312 0.015729 0.031562 0.000104 0.000000 0.000312 0.004583 0.000000 0.000312 0.000417 0.001042 
14194 0.158438 0.725937 0.061146 0.028646 0.004062 0.000208 0.000729 0.011875 0.001563 0.000104 0.000208 0.000417 0.004271 0.000521 0.000729 0.001146 
14324 0.015208 0.009271 0.003021 0.010104 0.101979 0.139062 0.086875 0.028438 0.328542 0.090833 0.040000 0.144271 0.000625 0.000417 0.000312 0.001042 
14469 0.004062 0.212604 0.515208 0.244687 0.000104 0.000208 0.000312 0.009688 0.000000 0.000208 0.000937 0.009271 0.000000 0.000000 0.000104 0.002604 
14645 0.296146 0.116354 0.058542 0.084479 0.141354 0.054167 0.018854 0.039271 0.045104 0.049896 0.026042 0.024167 0.033125 0.007083 0.003646 0.001771 
14839 0.583021 0.240104 0.072708 0.053021 0.014062 0.014375 0.005729 0.015208 0.000208 0.000521 0.000104 0.000729 0.000104 0.000104 0.000000 0.000000 
14854 0.082500 0.271771 0.149583 0.091250 0.087292 0.147292 0.025417 0.023958 0.014896 0.093438 0.004896 0.006979 0.000104 0.000208 0.000208 0.000208 
14894 0.008229 0.028542 0.428646 0.371979 0.121458 0.012396 0.008542 0.015417 0.000937 0.001875 0.001563 0.000312 0.000104 0.000000 0.000000 0.000000 
15083 0.003333 0.077708 0.469375 0.386250 0.001146 0.007708 0.014167 0.038542 0.000104 0.000208 0.000000 0.001458 0.000000 0.000000 0.000000 0.000000 
15205 0.085417 0.157188 0.113333 0.106667 0.079167 0.238125 0.039375 0.036250 0.011667 0.056771 0.050729 0.005104 0.003229 0.004688 0.004167 0.008125 
15308 0.021979 0.090521 0.022187 0.023750 0.042708 0.574271 0.060417 0.038646 0.000000 0.023854 0.095312 0.006250 0.000000 0.000000 0.000000 0.000104 
15480 0.015625 0.051979 0.020312 0.027292 0.025937 0.114167 0.133750 0.124167 0.001563 0.011458 0.067396 0.404687 0.000000 0.000417 0.000208 0.001042 
15715 0.003333 0.029271 0.014687 0.001563 0.084479 0.546354 0.229062 0.085521 0.001042 0.003229 0.001042 0.000312 0.000104 0.000000 0.000000 0.000000 
15833 0.080521 0.643646 0.134062 0.066458 0.000521 0.008125 0.027708 0.035729 0.000208 0.000521 0.000312 0.001667 0.000000 0.000000 0.000000 0.000521 
16116 0.076146 0.197396 0.118021 0.047917 0.167604 0.231146 0.098229 0.056875 0.000208 0.002500 0.001250 0.002396 0.000000 0.000000 0.000208 0.000104 
16332 0.196667 0.240833 0.127292 0.084271 0.156458 0.114063 0.024583 0.021979 0.007500 0.007083 0.011458 0.003437 0.001771 0.000208 0.001042 0.001354 
16419 0.045729 0.059896 0.002917 0.001771 0.478333 0.255104 0.010729 0.033646 0.079687 0.024583 0.000000 0.007396 0.000000 0.000104 0.000000 0.000104 
16473 0.568646 0.315937 0.006458 0.030417 0.038021 0.003542 0.000625 0.013646 0.015937 0.005000 0.000312 0.000521 0.000833 0.000000 0.000000 0.000104 
16680 0.066563 0.643542 0.102396 0.037083 0.002500 0.000521 0.000208 0.008958 0.005729 0.065521 0.050937 0.015417 0.000312 0.000104 0.000104 0.000104 
16955 0.066354 0.005104 0.001042 0.004896 0.137604 0.000833 0.000833 0.010000 0.075313 0.187187 0.478438 0.031458 0.000833 0.000104 0.000000 0.000000 
17107 0.002813 0.044062 0.044375 0.017396 0.076458 0.491354 0.168333 0.151771 0.000417 0.003021 0.000000 0.000000 0.000000 0.000000 0.000000 0.000000 
17156 0.079792 0.193438 0.030208 0.015625 0.081042 0.038854 0.001042 0.015625 0.039896 0.324375 0.163021 0.017083 0.000000 0.000000 0.000000 0.000000 
17330 0.014271 0.480312 0.407187 0.086042 0.000104 0.000937 0.000625 0.008021 0.000000 0.000104 0.000208 0.002083 0.000104 0.000000 0.000000 0.000000 
17365 0.014062 0.820938 0.056250 0.039583 0.000729 0.013229 0.030313 0.024167 0.000000 0.000104 0.000000 0.000417 0.000208 0.000000 0.000000 0.000000 
17459 0.006250 0.226042 0.261979 0.340521 0.002500 0.116875 0.021562 0.022396 0.000000 0.000000 0.000000 0.001458 0.000208 0.000000 0.000104 0.000104 
17470 0.735521 0.157500 0.032083 0.059271 0.000208 0.000937 0.000729 0.009375 0.000000 0.000104 0.000104 0.000208 0.000104 0.000104 0.001146 0.002604 
17619 0.023646 0.011042 0.007500 0.006042 0.733854 0.030417 0.002604 0.024479 0.144375 0.000833 0.000208 0.012187 0.000521 0.000417 0.001354 0.000521 
17630 0.028542 0.020208 0.026875 0.045729 0.029375 0.072500 0.002188 0.018958 0.045729 0.672500 0.004479 0.026563 0.003333 0.003021 0.000000 0.000000 
17851 0.033542 0.001563 0.000521 0.004583 0.371771 0.269792 0.037292 0.056979 0.015833 0.156354 0.025833 0.024896 0.000000 0.000000 0.000208 0.000833 
18101 0.041458 0.109063 0.118021 0.060312 0.149062 0.139583 0.057083 0.030000 0.027604 0.246875 0.005833 0.015104 0.000000 0.000000 0.000000 0.000000 
18158 0.107396 0.054375 0.005313 0.010833 0.170521 0.073021 0.003021 0.012396 0.126563 0.408958 0.008333 0.019271 0.000000 0.000000 0.000000 0.000000 
18221 0.234479 0.176458 0.035208 0.022500 0.203021 0.042500 0.013958 0.030833 0.197500 0.031979 0.001458 0.010000 0.000104 0.000000 0.000000 0.000000 
18488 0.006562 0.040104 0.001458 0.000625 0.230104 0.294062 0.028438 0.028542 0.000104 0.053125 0.264583 0.052292 0.000000 0.000000 0.000000 0.000000 
18786 0.014583 0.000521 0.000312 0.010000 0.001250 0.000417 0.000208 0.009271 0.674688 0.131771 0.003021 0.018646 0.133437 0.000104 0.000937 0.000833 
19080 0.002396 0.134167 0.625521 0.217917 0.000000 0.000000 0.000312 0.012500 0.000000 0.000104 0.000729 0.005625 0.000000 0.000208 0.000104 0.000417 
19291 0.455312 0.333333 0.050104 0.051875 0.045104 0.002396 0.001354 0.013750 0.038333 0.005937 0.000104 0.002396 0.000000 0.000000 0.000000 0.000000 
19383 0.198646 0.458646 0.158542 0.042604 0.117083 0.004896 0.000521 0.007292 0.001146 0.000417 0.001771 0.007812 0.000104 0.000104 0.000208 0.000208 
19683 0.101979 0.400104 0.273229 0.188750 0.007500 0.007604 0.001875 0.010729 0.000208 0.000833 0.000521 0.001354 0.001458 0.001146 0.001042 0.001667 
19810 0.001979 0.045313 0.012396 0.010417 0.044062 0.106250 0.039479 0.036146 0.008542 0.065000 0.231979 0.398438 0.000000 0.000000 0.000000 0.000000 
20016 0.131667 0.562187 0.162292 0.108542 0.002500 0.009062 0.004896 0.005833 0.001563 0.001875 0.000937 0.006042 0.001042 0.000208 0.001146 0.000208 
20102 0.094792 0.443542 0.195000 0.202396 0.006979 0.006458 0.003854 0.025625 0.004792 0.000729 0.000208 0.004167 0.001875 0.003542 0.003229 0.002813 
20285 0.016354 0.137292 0.324688 0.440937 0.007812 0.020938 0.003750 0.006250 0.003542 0.005625 0.003958 0.005729 0.002604 0.004792 0.013750 0.001979 
20296 0.043125 0.515521 0.356458 0.047396 0.002500 0.010313 0.003646 0.020208 0.000000 0.000104 0.000104 0.000625 0.000000 0.000000 0.000000 0.000000 
20497 0.190313 0.504271 0.073229 0.021354 0.153021 0.030417 0.002708 0.021250 0.001042 0.000521 0.000417 0.001250 0.000104 0.000104 0.000000 0.000000 
20750 0.342083 0.289167 0.001667 0.000000 0.192396 0.021771 0.000104 0.000000 0.047083 0.078750 0.011250 0.000000 0.015625 0.000104 0.000000 0.000000 
20816 0.014479 0.000000 0.000000 0.000000 0.445000 0.000000 0.000000 0.000000 0.336354 0.056146 0.147500 0.000521 0.000000 0.000000 0.000000 0.000000 
20837 0.354688 0.052396 0.010313 0.011354 0.053438 0.176250 0.075729 0.028542 0.060208 0.165521 0.000104 0.008646 0.001667 0.000833 0.000208 0.000104 
21118 0.251250 0.073333 0.034271 0.018958 0.116979 0.052187 0.005937 0.010937 0.110312 0.163125 0.038333 0.012812 0.040000 0.022917 0.021250 0.027396 
21158 0.196771 0.026979 0.004792 0.004062 0.068125 0.008438 0.001042 0.005625 0.261979 0.311354 0.068229 0.021562 0.012917 0.007292 0.000729 0.000104 
21263 0.341875 0.509583 0.065312 0.039479 0.019896 0.001875 0.000208 0.002917 0.008021 0.001250 0.000104 0.000208 0.008333 0.000625 0.000208 0.000104 
21349 0.241458 0.274583 0.088958 0.074479 0.223750 0.029375 0.011250 0.017188 0.014375 0.002813 0.002708 0.013021 0.003125 0.002188 0.000417 0.000312 
21525 0.003125 0.013229 0.270417 0.684167 0.002292 0.005937 0.000625 0.006667 0.000625 0.001563 0.001771 0.007708 0.000625 0.000312 0.000000 0.000937 
21651 0.201354 0.083333 0.020833 0.032083 0.147813 0.077500 0.012812 0.021354 0.206771 0.058646 0.011979 0.011875 0.077500 0.026354 0.006250 0.003542 
21817 0.349687 0.289062 0.004583 0.010833 0.138854 0.062917 0.000937 0.012500 0.067292 0.051667 0.000312 0.009583 0.000104 0.000833 0.000000 0.000833 
22032 0.315417 0.249792 0.066667 0.020312 0.303229 0.005729 0.000312 0.018854 0.003646 0.000208 0.000104 0.009062 0.004896 0.000937 0.000729 0.000104 
22304 0.046354 0.770312 0.120937 0.052917 0.000104 0.000208 0.000104 0.007500 0.000000 0.000104 0.000000 0.001146 0.000000 0.000000 0.000000 0.000312 
22581 0.010417 0.012500 0.001354 0.001146 0.158021 0.345104 0.117917 0.032604 0.063333 0.053229 0.187604 0.015833 0.000937 0.000000 0.000000 0.000000 
22779 0.109063 0.280000 0.134479 0.016146 0.108021 0.237708 0.024167 0.026146 0.003229 0.001563 0.000104 0.001667 0.005937 0.050417 0.001250 0.000104 
22823 0.068125 0.286667 0.108333 0.020208 0.046458 0.189063 0.206042 0.064792 0.003854 0.002604 0.000208 0.001250 0.002292 0.000000 0.000104 0.000000 
23021 0.015729 0.179583 0.150000 0.027500 0.039271 0.505417 0.011875 0.036875 0.000000 0.000000 0.000000 0.000208 0.000104 0.000104 0.018437 0.014896 
23241 0.182083 0.473958 0.157396 0.044375 0.093333 0.011354 0.000417 0.009375 0.010208 0.005625 0.000521 0.002708 0.002500 0.002917 0.000937 0.002292 
23529 0.234688 0.380729 0.092396 0.057813 0.077917 0.009479 0.000417 0.006979 0.023125 0.095312 0.003750 0.017396 0.000000 0.000000 0.000000 0.000000 
23653 0.012083 0.037500 0.098750 0.150104 0.453750 0.086562 0.048646 0.067188 0.045000 0.000000 0.000000 0.000417 0.000000 0.000000 0.000000 0.000000 
23703 0.054896 0.176250 0.013854 0.026354 0.004062 0.003125 0.001458 0.011042 0.026771 0.309271 0.142083 0.004688 0.118437 0.089062 0.011875 0.006771 
23769 0.005313 0.146250 0.594479 0.195625 0.000208 0.000000 0.000208 0.003854 0.000312 0.000104 0.000104 0.005104 0.002188 0.033958 0.011042 0.001250 
24026 0.087708 0.461042 0.224583 0.017083 0.013333 0.108646 0.046354 0.032708 0.000208 0.000208 0.001771 0.005417 0.000521 0.000000 0.000104 0.000312 
24100 0.030938 0.002813 0.000417 0.002188 0.164792 0.022292 0.027917 0.015417 0.297396 0.231458 0.088542 0.040208 0.036667 0.014583 0.019167 0.005208 
24302 0.059375 0.182500 0.032604 0.013438 0.045313 0.066563 0.038125 0.048750 0.002292 0.186042 0.226875 0.097708 0.000104 0.000312 0.000000 0.000000 
24416 0.064583 0.151250 0.074271 0.015104 0.055104 0.096771 0.025104 0.016146 0.210208 0.264062 0.000417 0.026250 0.000521 0.000104 0.000104 0.000000 
24574 0.648646 0.111146 0.002917 0.000000 0.078333 0.010833 0.000000 0.000000 0.005208 0.019271 0.113125 0.000417 0.003750 0.006146 0.000208 0.000000 
24874 0.135417 0.004583 0.000625 0.007188 0.047500 0.012708 0.004271 0.002500 0.200521 0.505000 0.040729 0.033438 0.004792 0.000417 0.000208 0.000104 
25142 0.062083 0.301562 0.029896 0.009896 0.189063 0.259792 0.054896 0.036250 0.018229 0.033958 0.000104 0.004062 0.000000 0.000104 0.000000 0.000104 
25356 0.109375 0.068854 0.001979 0.007083 0.438021 0.077292 0.003854 0.018333 0.026771 0.229375 0.002188 0.016250 0.000000 0.000104 0.000000 0.000521 
25655 0.001250 0.000833 0.002083 0.002083 0.001042 0.003021 0.003229 0.008021 0.003021 0.367292 0.597500 0.010104 0.000312 0.000208 0.000000 0.000000 
25882 0.468854 0.296562 0.001354 0.021042 0.060312 0.028021 0.000833 0.012396 0.101875 0.002083 0.000625 0.005417 0.000000 0.000312 0.000000 0.000312 
26094 0.118125 0.048125 0.007292 0.028542 0.047812 0.021354 0.006146 0.016042 0.084479 0.194688 0.292083 0.127396 0.005208 0.001250 0.000729 0.000729 
26241 0.138437 0.015417 0.001875 0.005521 0.032083 0.005937 0.008542 0.025313 0.249583 0.127188 0.117604 0.095625 0.175625 0.000937 0.000208 0.000104 
26408 0.264271 0.076354 0.025000 0.007083 0.551771 0.025625 0.001667 0.034896 0.003854 0.000104 0.000104 0.001042 0.004375 0.001563 0.001354 0.000937 
26645 0.444479 0.290104 0.101667 0.148854 0.000000 0.000000 0.000000 0.006562 0.000000 0.001354 0.000208 0.003333 0.000000 0.000833 0.001042 0.001563 
26734 0.002292 0.001771 0.000625 0.001875 0.014062 0.015521 0.005625 0.011667 0.304688 0.441667 0.136667 0.040104 0.022083 0.000417 0.000312 0.000625 
26813 0.357500 0.129688 0.017708 0.014062 0.148750 0.060000 0.077083 0.035000 0.058229 0.083021 0.000625 0.010313 0.005417 0.000521 0.000312 0.001771 
26940 0.028021 0.070937 0.075938 0.125208 0.129271 0.419062 0.045833 0.054792 0.005208 0.012708 0.004896 0.002708 0.001875 0.000937 0.001354 0.021250 
27014 0.518125 0.168750 0.005000 0.025313 0.098646 0.018750 0.018958 0.023646 0.060938 0.045417 0.013750 0.001354 0.001250 0.000104 0.000000 0.000000 
27302 0.844792 0.035208 0.017812 0.022813 0.054271 0.001354 0.000208 0.020938 0.001250 0.000208 0.000000 0.000625 0.000521 0.000000 0.000000 0.000000 
27574 0.063750 0.264271 0.060000 0.020833 0.260938 0.231979 0.046250 0.038229 0.006979 0.001250 0.000000 0.001771 0.000312 0.000625 0.001354 0.001458 
27792 0.010000 0.075104 0.061250 0.060000 0.032187 0.363229 0.287187 0.108750 0.000625 0.000417 0.000208 0.001042 0.000000 0.000000 0.000000 0.000000 
27945 0.008438 0.266458 0.543958 0.028438 0.017708 0.032812 0.067917 0.032500 0.000000 0.000000 0.000000 0.001667 0.000000 0.000000 0.000000 0.000104 
28034 0.211042 0.707500 0.017604 0.029583 0.007188 0.013854 0.001667 0.008542 0.000000 0.000104 0.000312 0.001667 0.000208 0.000312 0.000208 0.000208 
28226 0.700208 0.151979 0.000937 0.020938 0.012812 0.000104 0.000000 0.001042 0.000312 0.001458 0.000521 0.001042 0.102187 0.000208 0.000833 0.005417 
28310 0.296875 0.309479 0.273750 0.109375 0.000312 0.000521 0.000312 0.007500 0.000208 0.000208 0.000000 0.001250 0.000208 0.000000 0.000000 0.000000 
28433 0.225104 0.263438 0.014271 0.018958 0.091458 0.348750 0.010833 0.026875 0.000104 0.000208 0.000000 0.000000 0.000000 0.000000 0.000000 0.000000 
28478 0.080104 0.412917 0.257187 0.133333 0.039896 0.052604 0.004479 0.014479 0.000312 0.002396 0.000312 0.001354 0.000000 0.000000 0.000417 0.000208 
28707 0.115417 0.280313 0.385417 0.184479 0.002917 0.001354 0.000104 0.009583 0.001250 0.003125 0.004062 0.009271 0.000937 0.000521 0.000625 0.000625 
28993 0.026146 0.031042 0.002500 0.002188 0.289688 0.189792 0.006562 0.022813 0.062396 0.342917 0.002083 0.021562 0.000000 0.000208 0.000000 0.000104 
29257 0.065937 0.033646 0.009062 0.008854 0.031250 0.029896 0.051875 0.042500 0.243646 0.338958 0.023021 0.014271 0.064062 0.038021 0.002708 0.002292 
29317 0.060000 0.083333 0.048750 0.028333 0.107917 0.107917 0.144167 0.056979 0.096562 0.221458 0.012187 0.004896 0.021562 0.004688 0.000312 0.000937 
29559 0.057083 0.030625 0.008021 0.005833 0.085833 0.080729 0.042292 0.030938 0.013125 0.033854 0.104687 0.504167 0.001146 0.001042 0.000521 0.000104 
29736 0.178021 0.090000 0.039583 0.010417 0.091354 0.005937 0.001354 0.008021 0.096250 0.361667 0.076771 0.027188 0.011875 0.001354 0.000000 0.000208 
30012 0.042813 0.003646 0.002188 0.004167 0.002604 0.000417 0.000625 0.010937 0.098229 0.753854 0.048958 0.031042 0.000521 0.000000 0.000000 0.000000 
30091 0.022917 0.026667 0.023958 0.009583 0.109479 0.475417 0.233542 0.096146 0.000208 0.000521 0.000521 0.001042 0.000000 0.000000 0.000000 0.000000 
30155 0.001146 0.000104 0.000104 0.004062 0.046979 0.351875 0.046042 0.028021 0.032917 0.438958 0.034167 0.015625 0.000000 0.000000 0.000000 0.000000 
30241 0.001250 0.016562 0.063229 0.897917 0.000000 0.000208 0.000208 0.005104 0.000104 0.000312 0.000625 0.010208 0.000000 0.000208 0.000521 0.003542 
30486 0.068958 0.059687 0.444583 0.257604 0.001875 0.000729 0.000312 0.006875 0.045208 0.001458 0.001771 0.011042 0.094583 0.001250 0.001354 0.002708 
30776 0.533021 0.036979 0.001563 0.021458 0.231667 0.026979 0.005417 0.071146 0.000937 0.010000 0.016562 0.035312 0.000000 0.002813 0.001875 0.004271 
30790 0.778646 0.126979 0.009479 0.034688 0.042604 0.000000 0.000000 0.002813 0.000000 0.000000 0.000729 0.004062 0.000000 0.000000 0.000000 0.000000 
30902 0.106771 0.048854 0.006458 0.005521 0.111562 0.218125 0.042292 0.053750 0.018750 0.062812 0.295208 0.028958 0.000521 0.000000 0.000000 0.000417 
31064 0.185417 0.278646 0.151562 0.025729 0.097292 0.009583 0.000833 0.001354 0.077500 0.001875 0.000625 0.001667 0.142813 0.013438 0.011146 0.000521 
31191 0.085938 0.358958 0.219792 0.179688 0.030833 0.032083 0.012083 0.037396 0.009792 0.026979 0.005000 0.001042 0.000208 0.000208 0.000000 0.000000 
31437 0.080729 0.007292 0.001250 0.001667 0.466146 0.098438 0.003125 0.015208 0.151146 0.113438 0.003125 0.009896 0.036354 0.007292 0.003854 0.001042 
31634 0.001146 0.001563 0.001979 0.003021 0.000000 0.001250 0.003125 0.006042 0.146979 0.815625 0.006146 0.013125 0.000000 0.000000 0.000000 0.000000 
31638 0.087604 0.005729 0.001250 0.004583 0.150104 0.014479 0.004479 0.017708 0.051979 0.327188 0.296667 0.037708 0.000312 0.000208 0.000000 0.000000 
31909 0.536458 0.097187 0.039687 0.033438 0.132083 0.026979 0.005208 0.021875 0.024479 0.034063 0.014792 0.004688 0.015000 0.007500 0.003750 0.002813 
31980 0.094479 0.451354 0.041250 0.028333 0.003021 0.000104 0.000417 0.019792 0.037396 0.275208 0.032812 0.003750 0.011667 0.000312 0.000000 0.000104 
32110 0.000417 0.012917 0.099375 0.870208 0.000000 0.000312 0.000104 0.007812 0.000000 0.000208 0.000312 0.005937 0.000000 0.000312 0.000208 0.001875 
32310 0.219896 0.003021 0.001667 0.006354 0.256042 0.035625 0.006042 0.022292 0.094687 0.138437 0.104167 0.111771 0.000000 0.000000 0.000000 0.000000 
32311 0.417188 0.063021 0.011771 0.026771 0.146771 0.040833 0.005417 0.015729 0.073333 0.074479 0.060833 0.050937 0.008542 0.002708 0.000625 0.001042 
32519 0.572500 0.263958 0.093646 0.056667 0.011771 0.000000 0.000000 0.000000 0.000000 0.000000 0.000000 0.000000 0.000312 0.000937 0.000104 0.000104 
32628 0.011458 0.003854 0.003125 0.010000 0.024583 0.000833 0.000833 0.016562 0.137187 0.297917 0.117292 0.252604 0.006667 0.022396 0.070833 0.023854 
32754 0.007396 0.009688 0.018125 0.008854 0.011458 0.001771 0.002188 0.008646 0.184479 0.566458 0.101667 0.066667 0.004167 0.003958 0.002292 0.002188 
32912 0.026146 0.066875 0.291042 0.529375 0.000104 0.000729 0.000000 0.009479 0.000000 0.000104 0.000104 0.001042 0.068229 0.002917 0.001250 0.002604 
32955 0.047396 0.104479 0.263958 0.265104 0.049688 0.056875 0.009896 0.021146 0.006458 0.074167 0.076667 0.014896 0.006146 0.001563 0.000104 0.001458 
33230 0.498333 0.006354 0.000417 0.018333 0.048750 0.003021 0.001667 0.018750 0.157917 0.200417 0.005833 0.007708 0.032500 0.000000 0.000000 0.000000 
33362 0.132396 0.060208 0.020938 0.016354 0.242396 0.177500 0.042708 0.050000 0.060000 0.068333 0.076979 0.050729 0.000312 0.000521 0.000104 0.000521 
33485 0.031250 0.000833 0.002917 0.001042 0.622604 0.128229 0.011146 0.036458 0.056667 0.056562 0.016875 0.035208 0.000104 0.000104 0.000000 0.000000 
33538 0.069896 0.217708 0.028646 0.009167 0.024167 0.264375 0.228229 0.104687 0.000000 0.002813 0.020417 0.029479 0.000000 0.000000 0.000000 0.000417 
33763 0.160729 0.071667 0.019896 0.010625 0.079271 0.029271 0.011354 0.019271 0.025313 0.420833 0.107708 0.036042 0.003229 0.002708 0.001875 0.000208 
33858 0.199687 0.051146 0.003958 0.009479 0.165625 0.005625 0.006667 0.028750 0.386250 0.048437 0.001458 0.010833 0.080417 0.000417 0.000625 0.000625 
33874 0.103542 0.139687 0.103125 0.149167 0.005729 0.071562 0.181146 0.234792 0.000208 0.003646 0.002813 0.004271 0.000000 0.000000 0.000208 0.000104 
34122 0.194167 0.150729 0.105417 0.106250 0.113125 0.168854 0.071667 0.057813 0.016146 0.011250 0.002292 0.000833 0.001042 0.000312 0.000000 0.000104 
34299 0.000521 0.000000 0.000000 0.000625 0.018021 0.008229 0.003229 0.016146 0.529063 0.383021 0.020521 0.020625 0.000000 0.000000 0.000000 0.000000 
34478 0.490104 0.236250 0.027812 0.045729 0.009375 0.000625 0.001354 0.016146 0.089583 0.001667 0.014062 0.023646 0.029063 0.000208 0.000417 0.013958 
34644 0.093333 0.058125 0.002708 0.000625 0.079479 0.000104 0.000000 0.000000 0.560208 0.202187 0.000521 0.000000 0.002708 0.000000 0.000000 0.000000 
34691 0.723437 0.209271 0.001979 0.000625 0.062812 0.001354 0.000104 0.000000 0.000417 0.000000 0.000000 0.000000 0.000000 0.000000 0.000000 0.000000 
34768 0.104687 0.271979 0.096042 0.051458 0.010625 0.008229 0.002708 0.022813 0.058542 0.293854 0.028438 0.012187 0.015625 0.016354 0.004583 0.001875 
34861 0.292188 0.006250 0.001667 0.007917 0.067604 0.005937 0.001250 0.008646 0.417500 0.026979 0.005937 0.020312 0.124688 0.006667 0.001875 0.004583 
34913 0.191563 0.195937 0.151771 0.138125 0.059375 0.017812 0.001979 0.018854 0.031979 0.028438 0.004792 0.009792 0.067292 0.009688 0.010833 0.061771 
35202 0.085208 0.719063 0.084375 0.097708 0.000104 0.000208 0.000312 0.011979 0.000000 0.000208 0.000104 0.000000 0.000208 0.000208 0.000312 0.000000 
35266 0.001354 0.004062 0.096250 0.407604 0.000625 0.015313 0.087396 0.377396 0.000208 0.001354 0.001042 0.007083 0.000000 0.000104 0.000104 0.000104 
35398 0.359375 0.317187 0.100833 0.068021 0.028542 0.019479 0.008646 0.024375 0.013333 0.006667 0.002292 0.004271 0.029063 0.012396 0.004167 0.001354 
35532 0.081979 0.191354 0.274479 0.362812 0.006979 0.010833 0.006979 0.032917 0.003854 0.007083 0.003229 0.004896 0.002396 0.005521 0.003750 0.000937 
35565 0.108333 0.071875 0.017500 0.008646 0.666771 0.048333 0.012500 0.049583 0.014479 0.001667 0.000312 0.000000 0.000000 0.000000 0.000000 0.000000 
35672 0.001875 0.000729 0.000833 0.005313 0.002604 0.096562 0.156771 0.060729 0.001458 0.042813 0.282292 0.347813 0.000000 0.000104 0.000000 0.000104 
35684 0.062396 0.038542 0.010000 0.008229 0.129479 0.321146 0.100000 0.042604 0.029792 0.118437 0.118437 0.020938 0.000000 0.000000 0.000000 0.000000 
35959 0.129271 0.180833 0.214792 0.262292 0.008021 0.032812 0.073958 0.097708 0.000000 0.000104 0.000104 0.000104 0.000000 0.000000 0.000000 0.000000 
36008 0.044583 0.144479 0.159167 0.371250 0.044271 0.101458 0.026771 0.081875 0.002188 0.005833 0.005417 0.010104 0.000417 0.000937 0.000521 0.000729 
36053 0.237396 0.195208 0.117917 0.045625 0.137083 0.003333 0.000625 0.012604 0.046667 0.024375 0.057188 0.028333 0.008750 0.010937 0.064271 0.009688 
36343 0.401771 0.170417 0.017708 0.019271 0.306354 0.030313 0.005833 0.018646 0.020625 0.005521 0.000208 0.003125 0.000000 0.000000 0.000000 0.000208 
36518 0.265938 0.129375 0.009792 0.011042 0.046458 0.000312 0.000000 0.006875 0.455000 0.029792 0.003021 0.022500 0.019479 0.000104 0.000000 0.000312 
36810 0.275000 0.130729 0.030417 0.017812 0.103854 0.149583 0.005833 0.013958 0.003437 0.176875 0.075625 0.014792 0.000521 0.000521 0.000521 0.000521 
37000 0.314479 0.180521 0.313854 0.164896 0.009271 0.000104 0.000208 0.011563 0.000312 0.000000 0.000000 0.000000 0.002813 0.000937 0.000521 0.000521 
37096 0.066771 0.317396 0.206771 0.085729 0.238333 0.007812 0.001458 0.013333 0.035833 0.015313 0.001771 0.008854 0.000208 0.000312 0.000000 0.000104 
37132 0.083854 0.113646 0.000729 0.008021 0.052396 0.028021 0.002500 0.024375 0.049792 0.355104 0.241563 0.037500 0.002396 0.000104 0.000000 0.000000 
37397 0.187292 0.104375 0.019271 0.016875 0.253646 0.049375 0.019375 0.045208 0.241458 0.006562 0.002292 0.009062 0.026563 0.017812 0.000521 0.000312 
37638 0.100833 0.301250 0.164896 0.073646 0.006771 0.001146 0.000104 0.003646 0.090000 0.038646 0.128438 0.034167 0.044583 0.011250 0.000208 0.000417 
37831 0.077708 0.114688 0.018125 0.012187 0.565729 0.108750 0.038750 0.060833 0.001979 0.000208 0.000000 0.000625 0.000208 0.000208 0.000000 0.000000 
38067 0.204167 0.058125 0.065521 0.095104 0.066354 0.000729 0.001250 0.010833 0.244375 0.221250 0.002500 0.015937 0.011042 0.001458 0.000417 0.000937 
38347 0.546042 0.310833 0.041458 0.062812 0.000729 0.000104 0.000521 0.015833 0.000000 0.001250 0.002813 0.014167 0.000000 0.000521 0.001354 0.001563 
38540 0.276042 0.092708 0.003646 0.006771 0.416458 0.016979 0.003854 0.030729 0.140833 0.003958 0.001250 0.005104 0.001250 0.000312 0.000104 0.000000 
38791 0.016458 0.066250 0.330625 0.448854 0.057292 0.003750 0.002188 0.015937 0.031562 0.006875 0.003021 0.009896 0.001563 0.002083 0.000937 0.002708 
